Data1: 1.000000
Data2: 1.414214
Data3: 13.038405
Data4: 4.242641
Data5: 97.082439
Data6: 68.425142
Data7: 76.922038
Data8: 1.414214
Data9: 22.022716
Data10: 5.000000
Data11: 34.014703
Data12: 2.828427
Data13: 19.416488
Data14: 23.769729
Data15: 446.525475